$ 1 0.000005 0.7087504708082256 47 5 50 5e-11
I -64 192 64 192 0 0.5 5
152 0 96 256 96 0 4 0 5
152 64 208 256 208 0 4 5 5
150 368 272 592 272 0 4 0 5
152 64 432 256 432 0 4 5 5
152 0 320 256 320 0 4 5 5
I -64 288 0 288 0 0.5 5
I -32 416 64 416 0 0.5 5
I -48 336 0 336 0 0.5 5
I -48 352 0 352 0 0.5 5
I -32 400 64 400 0 0.5 5
I -32 464 64 464 0 0.5 5
w -80 64 -80 176 0
w -80 176 64 176 0
w -96 112 -96 224 0
w -96 224 64 224 0
w 64 240 -112 240 0
w -112 240 -112 128 0
w -128 64 -128 288 0
w -128 288 -64 288 0
w -144 80 -144 304 0
w -144 304 0 304 0
w -176 112 -176 320 0
w -176 320 -176 336 0
w -176 336 -48 336 0
w -48 352 -208 352 0
w -208 352 -208 128 0
w -32 400 -240 400 0
w -240 400 -240 64 0
w -32 416 -272 416 0
w -272 416 -272 80 0
w 64 448 -288 448 0
w -288 448 -288 112 0
w -16 464 -304 464 0
w -304 464 -304 128 0
w -64 192 -64 80 0
w -64 80 -224 80 0
w -224 80 0 80 0
w -176 112 -192 112 0
w -192 112 0 112 0
w -32 464 -16 464 0
w -288 112 0 112 0
w -80 64 0 64 0
w -128 64 0 64 0
w -240 64 0 64 0
w 0 80 -272 80 0
w -144 80 0 80 0
w -96 112 0 112 0
w -208 128 -48 128 0
w -112 128 -48 128 0
w -304 128 -48 128 0
152 -80 816 176 816 0 4 5 5
152 -16 944 176 944 0 4 5 5
152 -16 720 176 720 0 4 5 5
152 -80 608 176 608 0 4 5 5
152 16 1184 208 1184 0 4 5 5
152 -48 1072 208 1072 0 4 5 5
w 368 240 368 96 0
w 368 96 256 96 0
w 368 256 256 256 0
w 256 256 256 208 0
w 368 288 256 288 0
w 256 288 256 320 0
w 368 304 368 432 0
w 368 432 256 432 0
150 288 832 576 832 0 6 5 5
w 288 880 288 1184 0
w 208 1184 288 1184 0
w 288 864 224 864 0
w 224 864 224 1072 0
w 224 1072 208 1072 0
w 288 848 176 848 0
w 176 848 176 944 0
w 176 816 288 816 0
w 288 800 176 800 0
w 176 800 176 720 0
w 288 784 288 608 0
w 288 608 176 608 0
w -336 64 -336 576 0
w -336 576 -80 576 0
w -336 64 0 64 0
w -352 80 -352 592 0
w -352 592 -208 592 0
w -352 80 0 80 0
I -208 592 -80 592 0 0.5 5
w -368 112 -368 624 0
w -80 624 -368 624 0
w -384 640 -384 128 0
w -384 128 -64 128 0
w -64 128 -48 128 0
w -368 112 0 112 0
I -384 640 -80 640 0 0.5 5
I -416 704 -16 704 0 0.5 5
w -432 736 -432 112 0
w -416 704 -416 80 0
w -16 688 -400 688 0
w -400 688 -400 64 0
w -400 64 0 64 0
w -416 80 0 80 0
I -432 736 -16 736 0 0.5 5
w 0 752 -464 752 0
w -464 752 -464 128 0
w -432 112 -96 112 0
w -464 128 -48 128 0
w -16 752 0 752 0
I -496 784 -80 784 0 0.5 5
I -544 832 -80 832 0 0.5 5
I -608 848 -80 848 0 0.5 5
w -80 800 -512 800 0
w -496 784 -496 64 0
w -496 64 0 64 0
w -512 800 -512 80 0
w -512 80 0 80 0
w -544 832 -544 112 0
w -544 112 0 112 0
w -608 848 -608 128 0
w -608 128 -48 128 0
I -640 912 -16 912 0 0.5 5
I -656 928 -16 928 0 0.5 5
w 16 960 -656 960 0
w -16 976 -704 976 0
w -16 960 0 960 0
w 0 960 16 960 0
w -640 912 -624 64 0
w -624 64 -240 64 0
w -656 928 -656 80 0
w -656 80 -352 80 0
w -656 960 -720 960 0
w -720 960 -720 112 0
w -720 112 -544 112 0
w -704 976 -768 976 0
w -768 976 -768 128 0
w -768 128 -608 128 0
I -768 1040 -48 1040 0 0.5 5
I -800 1056 -48 1056 0 0.5 5
I -832 1088 -48 1088 0 0.5 5
w -48 1104 -896 1104 0
w -768 1040 -832 1040 0
w -832 1040 -832 64 0
w -832 64 -624 64 0
w -800 1056 -880 1056 0
w -880 1056 -880 80 0
w -880 80 -848 80 0
w -848 80 -832 80 0
w -832 80 -656 80 0
w -832 1088 -912 1088 0
w -912 1088 -896 112 0
w -896 1104 -944 1104 0
w -944 1104 -944 128 0
w -944 128 -768 128 0
w -896 112 -720 112 0
I -976 1152 16 1152 0 0.5 5
I -1008 1168 16 1168 0 0.5 5
I -1024 1200 -48 1200 0 0.5 5
I -1056 1216 16 1216 0 0.5 5
w -976 1152 -976 64 0
w -976 64 -832 64 0
w -1008 1168 -1008 80 0
w -1008 80 -816 80 0
w -816 80 -656 80 0
w -1024 1200 -1024 112 0
w -1024 112 -896 112 0
w -1056 1216 -1056 128 0
w -1056 128 -928 128 0
w -928 128 -768 128 0
w -48 1200 16 1200 0
I -48 128 0 128 0 0.5 5
157 704 448 832 448 0 7 0 0
w 704 448 592 448 0
w 592 448 592 272 0
w 576 832 576 480 0
w 576 480 704 480 0
w -640 2048 -576 2048 0
w -1648 2064 -1648 976 0
w -1616 2048 -1616 960 0
w -1600 2016 -1600 928 0
w -1568 2000 -1568 912 0
I -1648 2064 -576 2064 0 0.5 5
I -1616 2048 -640 2048 0 0.5 5
I -1600 2016 -576 2016 0 0.5 5
I -1568 2000 -576 2000 0 0.5 5
w -1536 1952 -1536 976 0
w -1488 1952 -1536 1952 0
w -1504 1936 -1488 960 0
w -1424 1936 -1504 1936 0
w -1472 1904 -1472 928 0
w -1392 1904 -1472 1904 0
w -1424 1888 -1424 912 0
w -1360 1888 -1424 1888 0
w -640 1952 -1488 1952 0
I -1424 1936 -640 1936 0 0.5 5
I -1392 1904 -640 1904 0 0.5 5
I -1360 1888 -640 1888 0 0.5 5
w -1360 1824 -1360 976 0
w -1296 1824 -1360 1824 0
w -1312 1808 -1312 960 0
w -1248 1808 -1312 1808 0
w -1248 1776 -1248 928 0
w -1232 1760 -1216 912 0
w -592 1808 -576 1808 0
w -608 1808 -592 1808 0
w -608 1824 -1296 1824 0
w -576 1808 -1248 1808 0
I -1248 1776 -608 1776 0 0.5 5
I -1232 1760 -608 1760 0 0.5 5
w -1200 1696 -1200 976 0
w -1136 1680 -1136 960 0
w -672 1648 -1104 1648 0
I -1136 1680 -672 1680 0 0.5 5
152 -640 1920 -384 1920 0 4 5 5
152 -576 2032 -384 2032 0 4 5 5
152 -608 1792 -416 1792 0 4 5 5
152 -672 1664 -416 1664 0 4 5 5
w -1200 1696 -672 1696 0
w -672 1632 -1088 1632 0
w -1088 1632 -1072 144 0
w -1136 960 -1136 112 0
w -1136 112 -1024 112 0
w -1104 1648 -1088 80 0
w -1088 80 -1008 80 0
w -1072 144 -1072 64 0
w -1072 64 -976 64 0
w -1200 976 -1184 128 0
w -1184 128 -1056 128 0
w -1216 912 -1200 64 0
w -1200 64 -1072 64 0
w -1248 928 -1248 80 0
w -1248 80 -1088 80 0
w -1312 960 -1312 112 0
w -1312 112 -1136 112 0
w -1360 976 -1360 128 0
w -1360 128 -1184 128 0
w -1424 912 -1424 64 0
w -1424 64 -1200 64 0
w -1472 928 -1472 80 0
w -1472 80 -1248 80 0
w -1488 960 -1504 112 0
w -1504 112 -1312 112 0
w -1536 976 -1536 960 0
w -1536 960 -1536 128 0
w -1536 128 -1360 128 0
w -1568 912 -1552 64 0
w -1552 64 -1424 64 0
w -1600 928 -1600 80 0
w -1600 80 -1472 80 0
w -1616 960 -1616 112 0
w -1616 112 -1504 112 0
w -1648 976 -1648 128 0
w -1648 128 -1536 128 0
150 176 1824 464 1824 0 4 5 5
w 176 1792 -288 1792 0
w -288 1792 -288 1664 0
w -288 1664 -416 1664 0
w -416 1792 -320 1792 0
w -320 1792 -320 1808 0
w -320 1808 176 1808 0
w -384 1920 80 1920 0
w 80 1920 80 1840 0
w 80 1840 176 1840 0
w 176 1856 176 2016 0
w -384 2032 176 2032 0
w 176 2016 176 2032 0
w 464 1824 592 1824 0
w 704 512 592 512 0
w 592 512 592 1824 0
x 465 284 493 287 4 42 A
x 970 -225 1002 -222 4 42 G
x 305 1836 335 1839 4 42 C
x 417 848 445 851 4 42 B
x 841 1709 866 1712 4 42 F
x 898 2481 926 2484 4 42 E
x 347 2477 377 2480 4 42 D
w -176 2832 -112 2832 0
I -2480 2832 -176 2832 0 0.5 5
I -2416 2784 -112 2784 0 0.5 5
w -176 2720 -2352 2720 0
I -960 2736 -176 2736 0 0.5 5
I -2112 2672 -176 2672 0 0.5 5
w -144 2544 -2160 2544 0
I -2192 2560 -144 2560 0 0.5 5
I -2224 2592 -144 2592 0 0.5 5
w -144 2384 -128 2384 0
w -128 2384 -1856 2384 0
w -144 2320 -1792 2320 0
I -544 2336 -144 2336 0 0.5 5
I -1760 2272 -208 2272 0 0.5 5
w -208 2256 -1744 2256 0
w -1728 2224 -208 2224 0
w -1696 2208 -208 2208 0
w 160 2240 48 2240 0
w 160 2416 160 2240 0
w 48 2432 48 2352 0
w 160 2432 48 2432 0
w 48 2480 48 2576 0
w 160 2480 48 2480 0
w 96 2704 80 2704 0
w 96 2496 96 2704 0
w 160 2496 96 2496 0
w 80 2816 160 2816 0
w 160 2512 160 2816 0
150 224 2464 512 2464 0 6 0 5
152 -176 2704 80 2704 0 4 5 5
152 -208 2240 48 2240 0 4 0 5
152 -144 2352 48 2352 0 4 5 5
152 -144 2576 48 2576 0 4 5 5
w 224 2416 160 2416 0
w 224 2432 160 2432 0
w 224 2448 160 2448 0
w 160 2448 160 2480 0
w 224 2480 176 2480 0
w 176 2480 176 2496 0
w 176 2496 160 2496 0
w 224 2496 192 2496 0
w 192 2496 192 2512 0
w 192 2512 160 2512 0
w 224 2512 224 2592 0
w 224 2592 224 2912 0
w 224 2912 80 2912 0
152 -112 2912 80 2912 0 4 5 5
w -1696 2208 -1680 64 0
w -1680 64 -1552 64 0
w -1728 2224 -1712 80 0
w -1712 80 -1600 80 0
w -1744 2256 -1744 112 0
w -1744 112 -1616 112 0
w -1760 2272 -1760 128 0
w -1760 128 -1648 128 0
w -144 2368 -1040 2368 0
w -544 2336 -1776 2336 0
w -1040 2368 -1824 2368 0
w -1792 2320 -1792 64 0
w -1792 64 -1680 64 0
w -1776 2336 -1824 2336 0
w -1824 2336 -1824 528 0
w -1824 528 -1824 80 0
w -1824 80 -1712 80 0
w -1824 2368 -1872 2368 0
w -1872 2368 -1872 112 0
w -1872 112 -1744 112 0
w -1856 2384 -1936 2384 0
w -1936 2384 -1920 144 0
w -1920 144 -1920 128 0
w -1920 128 -1760 128 0
w -1936 64 -1792 64 0
w -2000 80 -1824 80 0
w -2064 112 -1872 112 0
w -2112 128 -1920 128 0
I -2256 2608 -144 2608 0 0.5 5
w -176 2688 -2320 2688 0
w -112 2800 -2448 2800 0
w -112 2848 -2512 2848 0
152 -112 2816 80 2816 0 4 5 5
I -2640 2944 -112 2944 0 0.5 5
I -2592 2928 -112 2928 0 0.5 5
I -2576 2896 -112 2896 0 0.5 5
I -2544 2880 -112 2880 0 0.5 5
w -960 2736 -2368 2736 0
w -2160 2544 -2144 64 0
w -2192 2560 -2176 80 0
w -2224 2592 -2224 112 0
w -2256 2608 -2256 128 0
w -2112 2672 -2288 2672 0
w -2288 2672 -2288 624 0
w -2320 2688 -2320 624 0
w -2352 2720 -2352 624 0
w -2368 2736 -2368 624 0
w -2416 2784 -2416 640 0
w -2448 2800 -2448 624 0
w -2480 2832 -2480 624 0
w -2512 2848 -2512 624 0
w -2544 2880 -2560 624 0
w -2576 2896 -2576 80 0
w -2592 2928 -2608 624 0
w -2640 2944 -2656 624 0
w -1936 -80 -1408 -80 0
w -1408 -80 -848 -80 0
w -848 -80 -544 -80 0
w -544 -80 672 -80 0
w 672 -80 672 320 0
L 672 320 672 368 0 0 false 5 0
w -2000 -112 752 -112 0
w 752 -112 752 304 0
L 752 304 752 368 0 0 false 5 0
L 832 304 832 368 0 0 false 5 0
L 880 304 880 368 0 1 false 5 0
w 832 304 832 -144 0
w 832 -144 -2096 -144 0
w 880 304 880 -176 0
w 880 -176 -1632 -176 0
w -1632 -176 -2160 -176 0
w -2112 128 -2752 128 0
w -2064 112 -2752 112 0
w -2000 80 -2752 80 0
w -1936 64 -2752 64 0
w -1936 -80 -2672 -80 0
w -2672 -80 -2672 64 0
w -2752 64 -2672 64 0
w -2000 -112 -2688 -112 0
w -2688 -112 -2688 80 0
w -2688 80 -2752 80 0
w -2096 -144 -2704 -144 0
w -2704 -144 -2704 112 0
w -2704 112 -2752 112 0
w -2160 -176 -2720 -176 0
w -2720 -176 -2720 128 0
w -2720 128 -2752 128 0
x -2785 65 -2772 68 4 24 1
x -2784 86 -2771 89 4 24 2
x -2784 111 -2771 114 4 24 3
x -2782 135 -2769 138 4 24 4
x 875 410 888 413 4 24 1
x 830 408 843 411 4 24 2
x 749 406 762 409 4 24 3
x 667 404 680 407 4 24 4
w -2144 64 -1936 64 0
w -2176 80 -2000 80 0
w -2224 112 -2064 112 0
w -2256 128 -2112 128 0
w -2288 624 -2288 64 0
w -2288 64 -2144 64 0
w -2320 624 -2320 80 0
w -2320 80 -2176 80 0
w -2352 624 -2352 112 0
w -2352 112 -2224 112 0
w -2368 624 -2368 128 0
w -2368 128 -2256 128 0
w -2416 640 -2416 64 0
w -2416 64 -2288 64 0
w -2448 624 -2448 80 0
w -2448 80 -2320 80 0
w -2480 624 -2480 112 0
w -2480 112 -2352 112 0
w -2512 624 -2512 128 0
w -2512 128 -2368 128 0
w -2560 624 -2560 64 0
w -2560 64 -2416 64 0
w -2576 80 -2448 80 0
w -2608 624 -2608 112 0
w -2608 112 -2480 112 0
w -2656 624 -2656 128 0
w -2656 128 -2720 128 0
w 704 544 608 544 0
w 608 544 608 2464 0
w 608 2464 512 2464 0
w 672 -80 2512 -80 0
w 752 -112 2560 -112 0
w 832 -144 2560 -144 0
w 880 -176 2560 -176 0
152 1600 2208 1200 2208 0 4 0 5
152 1616 2320 1200 2320 0 4 5 5
152 1600 2544 1200 2544 0 4 5 5
152 1600 2432 1200 2432 0 4 5 5
152 1600 2768 1200 2768 0 4 5 5
152 1600 2656 1200 2656 0 4 5 5
150 1056 2464 768 2464 0 6 0 5
w 1056 2416 1056 2208 0
w 1056 2208 1200 2208 0
w 1200 2320 1088 2320 0
w 1088 2320 1088 2432 0
w 1088 2432 1056 2432 0
w 1200 2432 1120 2432 0
w 1120 2432 1120 2448 0
w 1120 2448 1056 2448 0
w 1200 2544 1200 2480 0
w 1200 2480 1056 2480 0
w 1056 2496 1168 2496 0
w 1168 2496 1168 2656 0
w 1168 2656 1200 2656 0
w 1200 2768 1056 2768 0
w 1056 2512 1056 2768 0
w 768 576 768 2464 0
w 1600 2176 1584 -80 0
w 1600 2192 1664 2192 0
w 1664 2192 1648 -112 0
w 1600 2224 1696 2224 0
w 1696 2224 1696 -144 0
w 1600 2240 1776 2240 0
I 1776 -176 1776 2240 0 0.5 5
w 1584 -80 672 -80 0
w 1648 -112 752 -112 0
w 1696 -144 832 -144 0
w 1776 -176 880 -176 0
w 1616 2288 1792 2288 0
w 1616 2304 1824 2304 0
I 1856 2336 1616 2336 0 0.5 5
I 1888 2352 1616 2352 0 0.5 5
w 1792 2288 1792 1792 0
w 1824 2304 1824 1808 0
w 1856 2336 1856 1808 0
w 1888 2352 1888 1008 0
w 1792 1792 1792 256 0
w 1824 1808 1824 -112 0
w 1856 1808 1856 272 0
w 1888 1008 1888 256 0
w 1792 256 1792 -80 0
w 1792 -80 1584 -80 0
w 1824 -112 1648 -112 0
w 1856 272 1856 -144 0
w 1856 -144 1696 -144 0
w 1888 256 1888 -176 0
w 1888 -176 1776 -176 0
I 1936 2416 1600 2416 0 0.5 5
w 1600 2400 1904 2400 0
w 1600 2448 1952 2448 0
w 1600 2464 2000 2464 0
w 1904 2400 1904 -80 0
w 1936 2416 1920 224 0
w 1952 2448 1936 224 0
w 2000 2464 1984 224 0
w 1904 -80 1584 -80 0
w 1920 224 1920 -112 0
w 1920 -112 1824 -112 0
w 1936 224 1936 -144 0
w 1936 -144 1696 -144 0
w 1984 224 1984 -176 0
w 1984 -176 1888 -176 0
I 2096 2528 1600 2528 0 0.5 5
I 2176 2576 1600 2576 0 0.5 5
w 1600 2512 2048 2512 0
w 1600 2560 2128 2560 0
I 2272 2640 1600 2640 0 0.5 5
I 2336 2688 1600 2688 0 0.5 5
I 2288 2672 1600 2672 0 0.5 5
I 2464 2800 1600 2800 0 0.5 5
I 2384 2736 1600 2736 0 0.5 5
w 1600 2624 2240 2624 0
w 1600 2752 2416 2752 0
w 1600 2784 2432 2784 0
w 2048 2512 2016 -80 0
w 2096 2528 2064 -112 0
w 2128 2560 2112 1216 0
w 2176 2576 2160 1232 0
w 2240 2624 2224 1232 0
w 2272 2640 2256 -112 0
w 2288 2672 2288 1232 0
w 2336 2688 2336 -176 0
w 2384 2736 2384 1248 0
w 2416 2752 2416 1248 0
w 2432 2784 2432 2048 0
w 2464 2800 2464 1248 0
w 2432 2048 2432 1248 0
w 2016 -80 1904 -80 0
w 2064 -112 1920 -112 0
w 2112 1216 2080 -144 0
w 2080 -144 1952 -144 0
w 1952 -144 1936 -144 0
w 2160 1232 2128 -176 0
w 2128 -144 1936 -144 0
w 2224 1232 2208 -80 0
w 2208 -176 1984 -176 0
w 2256 -80 2016 -80 0
w 2288 1232 2288 -144 0
w 2288 -112 2064 -112 0
w 2336 -176 2208 -176 0
w 2384 1248 2368 -80 0
w 2368 -80 2256 -80 0
w 2416 1248 2400 -112 0
w 2400 -112 2288 -112 0
w 2432 1248 2416 -144 0
w 2416 -144 2128 -144 0
w 2464 1248 2480 -176 0
w 2480 -176 2336 -176 0
152 1136 1456 960 1456 0 4 0 5
152 1136 1568 960 1568 0 4 5 5
152 1136 1680 960 1680 0 4 5 5
152 1136 1792 960 1792 0 4 5 5
152 1136 1904 960 1904 0 4 5 5
150 912 1696 800 1696 0 5 0 5
w 912 1664 912 1456 0
w 912 1456 960 1456 0
w 912 1680 928 1680 0
w 928 1680 928 1568 0
w 928 1568 960 1568 0
w 960 1680 960 1696 0
w 960 1696 912 1696 0
w 912 1712 960 1712 0
w 960 1712 960 1792 0
w 912 1728 912 1904 0
w 912 1904 960 1904 0
w 800 576 800 1696 0
I 1472 1936 1136 1936 0 0.5 5
I 1440 1888 1136 1888 0 0.5 5
I 1424 1872 1136 1872 0 0.5 5
I 1408 1824 1136 1824 0 0.5 5
I 1328 1696 1136 1696 0 0.5 5
I 1344 1712 1136 1712 0 0.5 5
I 1392 1808 1136 1808 0 0.5 5
I 1376 1776 1136 1776 0 0.5 5
I 1264 1584 1136 1584 0 0.5 5
I 1200 1488 1136 1488 0 0.5 5
w 1136 1424 1136 -80 0
w 1136 1440 1168 1440 0
w 1168 1440 1168 96 0
w 1136 1472 1184 1472 0
w 1184 1472 1184 -144 0
w 1200 1488 1200 48 0
w 1136 1536 1216 1536 0
w 1216 1536 1216 48 0
w 1136 1552 1248 1552 0
w 1248 1552 1248 592 0
w 1264 1584 1264 1232 0
w 1136 1600 1280 1600 0
w 1280 1600 1280 592 0
w 1136 1648 1296 1648 0
w 1296 1648 1296 592 0
w 1136 1664 1312 1664 0
w 1312 1664 1312 592 0
w 1328 1696 1328 592 0
w 1344 1712 1344 592 0
w 1136 1760 1360 1760 0
w 1360 1760 1360 592 0
w 1376 1776 1376 592 0
w 1392 1808 1392 592 0
w 1408 1824 1408 592 0
w 1424 1872 1424 592 0
w 1440 1888 1440 592 0
w 1136 1920 1456 1920 0
w 1456 1920 1456 592 0
w 1472 1936 1472 592 0
w 1264 1232 1264 592 0
w 1136 -80 672 -80 0
w 1168 96 1168 -112 0
w 1168 -112 752 -112 0
w 1184 -144 832 -144 0
w 1200 48 1200 -176 0
w 1200 -176 880 -176 0
w 1216 48 1216 -80 0
w 1216 -80 672 -80 0
w 1248 592 1248 -112 0
w 1248 -112 1168 -112 0
w 1264 592 1264 -144 0
w 1264 -144 1184 -144 0
w 1280 592 1280 -176 0
w 1280 -176 1200 -176 0
w 1296 592 1296 -80 0
w 1296 -80 1216 -80 0
w 1312 592 1312 -112 0
w 1312 -112 1248 -112 0
w 1328 592 1328 -144 0
w 1328 -144 1264 -144 0
w 1344 592 1344 -176 0
w 1344 -176 1280 -176 0
w 1360 592 1360 -80 0
w 1360 -80 1296 -80 0
w 1376 592 1376 -112 0
w 1376 -112 1312 -112 0
w 1392 592 1392 -144 0
w 1392 -144 1328 -144 0
w 1408 592 1408 -176 0
w 1408 -176 1344 -176 0
w 1424 592 1424 -80 0
w 1424 -80 1360 -80 0
w 1440 592 1440 -112 0
w 1440 -112 1376 -112 0
w 1456 592 1456 -144 0
w 1456 -144 1392 -144 0
w 1472 592 1472 -176 0
w 1472 -176 1280 -176 0
150 992 -432 992 -32 0 4 0 5
w 992 -32 992 656 0
w 992 656 832 656 0
w 832 656 832 576 0
152 800 -656 800 -480 0 4 5 5
152 944 -656 944 -480 0 4 0 5
152 1072 -656 1072 -480 0 4 5 5
152 1200 -656 1200 -480 0 4 5 5
w 960 -432 800 -432 0
w 800 -432 800 -480 0
w 944 -480 944 -448 0
w 944 -448 976 -448 0
w 976 -448 976 -432 0
w 1008 -432 1008 -448 0
w 1008 -448 1072 -448 0
w 1072 -448 1072 -480 0
w 1024 -432 1200 -432 0
w 1200 -432 1200 -480 0
w 768 -656 672 -656 0
w 672 -656 672 -80 0
w 784 -656 784 -672 0
w 784 -672 656 -672 0
w 656 -672 656 -112 0
w 656 -112 752 -112 0
w 816 -656 816 -688 0
w 816 -688 640 -688 0
w 640 -688 640 -224 0
w 640 -224 640 -144 0
w 640 -144 832 -144 0
w 832 -656 832 -704 0
w 832 -704 624 -704 0
w 624 -704 624 -176 0
w 624 -176 880 -176 0
w 912 -656 912 -736 0
w 912 -736 608 -736 0
w 608 -736 608 -80 0
w 608 -80 672 -80 0
w 928 -656 928 -752 0
w 928 -752 592 -752 0
w 592 -752 592 -112 0
w 960 -656 960 -768 0
w 960 -768 576 -768 0
w 576 -768 576 -144 0
I 976 -784 976 -656 0 0.5 5
w 976 -784 560 -784 0
w 560 -784 560 -176 0
w 592 -112 752 -112 0
w 576 -144 832 -144 0
w 560 -176 880 -176 0
w 1040 -656 1040 -800 0
w 1040 -800 1584 -800 0
w 1584 -800 1584 -80 0
I 1056 -784 1056 -656 0 0.5 5
I 1088 -768 1088 -656 0 0.5 5
I 1104 -752 1104 -656 0 0.5 5
w 1056 -784 1568 -784 0
w 1568 -784 1568 -112 0
w 1568 -112 1648 -112 0
w 1088 -768 1552 -768 0
w 1552 -768 1552 -144 0
w 1552 -144 1456 -144 0
w 1104 -752 1536 -752 0
w 1536 -752 1536 -176 0
w 1536 -176 1472 -176 0
I 1168 -736 1168 -656 0 0.5 5
I 1184 -720 1184 -656 0 0.5 5
w 1168 -736 1520 -736 0
w 1520 -736 1520 -80 0
w 1520 -80 1424 -80 0
w 1184 -720 1504 -720 0
w 1504 -720 1504 -112 0
w 1504 -112 1440 -112 0
w 1216 -656 1216 -704 0
w 1216 -704 1488 -704 0
w 1488 -704 1488 -144 0
w 1488 -144 1456 -144 0
w 1232 -656 1472 -656 0
w 1472 -656 1472 -176 0
w 2128 -176 2208 -176 0
w 2208 -80 2016 -80 0
w 2256 -112 2064 -112 0
w 2288 -144 2128 -144 0
x 2540 -71 2553 -68 4 24 1
x 2576 -106 2589 -103 4 24 2
x 2574 -141 2587 -138 4 24 3
x 2577 -171 2590 -168 4 24 4
